SPECIES	BARK_VOL_PCT	WOOD_SPGR	BARK_SPGR	MC_WOOD	MC_BARK
591	15.00	0.50	0.50	82.70	89.10
600	15.00	0.44	0.37	92.00	88.50
601	15.00	0.36	0.40	104.77	88.30
602	15.00	0.51	0.33	79.11	89.39
603	15.00	0.44	0.37	92.00	88.50
604	15.00	0.44	0.37	92.00	88.50
605	15.00	0.44	0.37	92.00	88.50
606	15.00	0.44	0.37	92.00	88.50
611	15.00	0.46	0.42	74.19	90.78
621	18.00	0.40	0.38	95.00	123.52
631	19.00	0.58	0.62	79.60	60.25
641	15.00	0.76	0.60	30.73	60.25
650	15.00	0.43	0.44	91.75	92.75
651	15.00	0.44	0.44	78.47	89.38
652	15.00	0.46	0.44	105.54	89.38
653	15.00	0.42	0.44	86.97	103.95
654	15.00	0.43	0.44	91.75	92.75
655	15.00	0.40	0.44	96.32	89.38
657	15.00	0.43	0.44	91.75	92.75
658	15.00	0.43	0.44	91.75	92.75
660	15.00	0.61	0.50	78.00	69.88
661	15.00	0.61	0.50	78.00	70.00
662	15.00	0.61	0.50	78.00	70.00
663	15.00	0.61	0.50	78.00	70.00
664	15.00	0.61	0.50	78.00	70.00
680	15.16	0.52	0.53	75.13	80.49
681	15.16	0.52	0.53	75.13	80.49
682	15.16	0.52	0.53	75.13	80.49
683	15.16	0.52	0.53	75.13	80.49
684	15.16	0.52	0.53	75.13	80.49
690	14.00	0.46	0.51	98.00	76.50
691	14.00	0.46	0.58	95.08	82.36
692	14.00	0.46	0.51	98.00	76.50
693	14.00	0.46	0.44	101.00	71.18
694	14.00	0.46	0.51	98.00	76.50
701	15.00	0.63	0.50	52.61	89.10
711	15.00	0.50	0.60	69.88	60.25
712	15.16	0.52	0.53	75.13	80.49		
720	15.16	0.52	0.53	75.13	80.49
721	15.16	0.52	0.53	75.13	80.49
722	15.16	0.52	0.53	75.13	80.49
729	8.00	0.46	0.60	81.00	84.00
730	8.00	0.46	0.60	81.00	84.00
731	8.00	0.46	0.60	81.15	84.30
732	8.00	0.46	0.60	81.00	84.00
740	18.44	0.35	0.46	106.33	87.67
741	22.00	0.31	0.50	106.77	85.90
742	22.00	0.37	0.38	116.56	56.02
743	14.40	0.36	0.59	91.41	90.13
744	18.44	0.35	0.46	106.33	87.67
745	18.44	0.35	0.46	106.33	87.67
746	14.40	0.35	0.50	128.94	101.92
747	16.30	0.31	0.40	137.80	100.32
748	22.00	0.41	0.41	56.34	91.53
749	18.44	0.35	0.46	106.33	87.67
752	18.44	0.35	0.46	106.33	87.67
753	18.44	0.35	0.46	106.33	87.67
755	15.00	0.78	0.65	21.21	40.53
756	15.00	0.78	0.65	21.00	41.00
757	15.00	0.78	0.65	21.00	41.00
758	15.00	0.78	0.65	21.00	41.00
760	9.19	0.47	0.63	53.00	91.00
761	9.19	0.47	0.63	53.00	91.00
762	9.20	0.47	0.63	53.44	90.77
763	9.19	0.47	0.63	53.00	91.00
764	9.19	0.47	0.63	53.00	91.00
765	9.19	0.47	0.63	53.00	91.00
766	9.19	0.47	0.63	53.00	91.00
768	9.19	0.47	0.63	53.00	91.00
769	9.19	0.47	0.63	53.00	91.00
770	9.19	0.47	0.63	53.00	91.00
771	9.19	0.47	0.63	53.00	91.00
772	9.19	0.47	0.63	53.00	91.00
773	9.19	0.47	0.63	53.00	91.00
774	9.19	0.47	0.63	53.00	91.00
800	19.12	0.59	0.58	75.27	83.00
801	19.12	0.59	0.58	75.27	83.00
802	16.00	0.60	0.56	68.26	88.87
803	19.12	0.59	0.58	75.27	83.00
804	16.00	0.64	0.55	57.75	89.40
805	16.00	0.70	0.64	73.98	90.29
806	22.00	0.60	0.71	70.93	48.97
807	19.12	0.59	0.58	75.27	83.00
808	19.12	0.59	0.58	75.27	83.00
809	19.12	0.59	0.58	75.27	83.00
810	19.12	0.59	0.58	75.27	83.00
811	19.12	0.59	0.58	75.27	83.00
812	22.00	0.52	0.68	97.23	48.47
813	22.00	0.61	0.63	68.13	90.77
814	22.00	0.61	0.63	65.50	65.61
815	16.00	0.64	0.63	57.75	65.34
816	19.12	0.59	0.58	75.27	83.00
817	19.12	0.59	0.58	75.27	83.00
818	22.00	0.51	0.45	101.09	88.75
819	19.12	0.59	0.58	75.27	83.00
820	16.00	0.56	0.50	83.14	121.16
821	16.00	0.55	0.55	83.56	89.40
822	22.00	0.57	0.51	77.12	88.52
823	16.00	0.58	0.54	74.06	89.92
824	19.12	0.59	0.58	75.27	83.00
825	23.00	0.60	0.51	68.26	88.52
826	19.12	0.59	0.58	75.27	83.00
827	16.00	0.56	0.62	83.14	73.17
828	19.12	0.59	0.58	75.27	83.00
829	19.12	0.59	0.58	75.27	83.00
830	22.00	0.58	0.60	76.82	89.63
831	16.00	0.56	0.59	83.14	90.13
832	23.00	0.57	0.54	77.12	60.25
833	20.00	0.56	0.68	83.14	90.89
834	19.12	0.59	0.58	75.27	83.00
835	22.00	0.60	0.51	70.93	88.52
836	19.12	0.59	0.58	75.27	83.00
837	18.50	0.56	0.60	83.14	89.63
838	16.00	0.80	0.51	52.23	88.52
839	19.12	0.59	0.58	75.27	83.00
840	19.12	0.59	0.58	75.27	83.00
841	19.12	0.59	0.58	75.27	83.00
842	19.12	0.59	0.58	75.27	83.00
843	19.12	0.59	0.58	75.27	83.00
844	19.12	0.59	0.58	75.27	83.00
845	19.12	0.59	0.58	75.27	83.00
846	19.12	0.59	0.58	75.27	83.00
847	19.12	0.59	0.58	75.27	83.00
851	19.12	0.59	0.58	75.27	83.00
852	15.16	0.52	0.53	75.13	80.49
853	15.16	0.52	0.53	75.13	80.49
854	15.16	0.52	0.53	75.13	80.49
855	15.16	0.52	0.53	75.13	80.49
856	15.16	0.52	0.53	75.13	80.49
857	15.16	0.52	0.53	75.13	80.49
858	15.16	0.52	0.53	75.13	80.49
859	15.16	0.52	0.53	75.13	80.49
860	15.16	0.52	0.53	75.13	80.49
863	15.16	0.52	0.53	75.13	80.49
864	15.16	0.52	0.53	75.13	80.49
865	15.16	0.52	0.53	75.13	80.49
866	15.16	0.52	0.53	75.13	80.49
867	15.16	0.52	0.53	75.13	80.49
868	15.16	0.52	0.53	75.13	80.49
869	15.16	0.52	0.53	75.13	80.49
870	15.16	0.52	0.53	75.13	80.49
873	15.16	0.52	0.53	75.13	80.49
874	15.16	0.52	0.53	75.13	80.49
876	15.16	0.52	0.53	75.13	80.49
877	15.16	0.52	0.53	75.13	80.49
882	15.16	0.52	0.53	75.13	80.49
883	15.16	0.52	0.53	75.13	80.49
884	15.16	0.52	0.53	75.13	80.49
885	15.16	0.52	0.53	75.13	80.49
886	15.16	0.52	0.53	75.13	80.49
887	15.16	0.52	0.53	75.13	80.49
888	15.16	0.52	0.53	75.13	80.49
890	15.16	0.52	0.53	75.13	80.49
891	15.16	0.52	0.53	75.13	80.49
895	15.16	0.52	0.53	75.13	80.49
896	15.16	0.52	0.53	75.13	80.49
897	15.16	0.52	0.53	75.13	80.49
901	15.00	0.66	0.29	40.83	87.89
902	15.00	0.66	0.29	41.00	88.00
906	15.16	0.52	0.53	75.13	80.49
907	15.16	0.52	0.53	75.13	80.49
908	15.16	0.52	0.53	75.13	80.49
909	15.16	0.52	0.53	75.13	80.49
911	15.16	0.52	0.53	75.13	80.49
912	15.16	0.52	0.53	75.13	80.49
913	15.16	0.52	0.53	75.13	80.49
914	15.16	0.52	0.53	75.13	80.49
915	15.16	0.52	0.53	75.13	80.49
919	15.16	0.52	0.53	75.13	80.49
920	16.00	0.36	0.50	127.00	99.00
921	16.00	0.36	0.50	127.00	99.00
922	16.00	0.36	0.50	127.02	98.72
923	16.00	0.36	0.50	127.00	99.00
924	16.00	0.36	0.50	127.00	99.00
925	16.00	0.36	0.50	127.00	99.00
926	16.00	0.36	0.50	127.00	99.00
927	16.00	0.36	0.50	127.00	99.00
928	16.00	0.36	0.50	127.00	99.00
929	16.00	0.36	0.50	127.00	99.00
931	15.00	0.42	0.50	67.88	89.10
934	15.16	0.52	0.53	75.13	80.49
935	15.16	0.52	0.53	75.13	80.49
936	15.16	0.52	0.53	75.13	80.49
937	15.16	0.52	0.53	75.13	80.49
940	15.16	0.52	0.53	75.13	80.49
950	10.53	0.32	0.48	105.00	90.00
951	10.50	0.32	0.48	105.34	90.31
952	10.53	0.32	0.48	105.00	90.00
953	10.53	0.32	0.48	105.00	90.00
970	14.00	0.54	0.43	66.00	91.08
971	14.00	0.60	0.45	41.56	74.51
972	14.00	0.46	0.44	94.00	78.47
973	14.00	0.59	0.45	65.69	74.51
974	14.00	0.54	0.43	66.00	91.08
975	14.00	0.48	0.29	76.95	170.79
976	14.00	0.54	0.43	66.00	91.08
977	14.00	0.57	0.50	51.00	57.06
981	15.00	0.51	0.55	66.54	42.78
982	15.16	0.52	0.53	75.13	80.49
986	15.16	0.52	0.53	75.13	80.49
987	15.16	0.52	0.53	75.13	80.49
988	15.16	0.52	0.53	75.13	80.49
989	15.16	0.52	0.53	75.13	80.49
990	15.16	0.52	0.53	75.13	80.49
991	15.16	0.52	0.53	75.13	80.49
992	15.16	0.52	0.53	75.13	80.49
993	15.16	0.52	0.53	75.13	80.49
994	15.16	0.52	0.53	75.13	80.49
995	15.16	0.52	0.53	75.13	80.49
996	15.16	0.52	0.53	75.13	80.49
997	15.16	0.52	0.53	75.13	80.49
998	15.16	0.52	0.53	75.13	80.49
999	15.16	0.52	0.53	75.13	80.49
10	11.76	0.36	0.49	84.00	62.43
11	14.00	0.40	0.44	70.00	63.90
12	12.00	0.33	0.40	118.54	100.32
14	11.76	0.36	0.49	84.00	62.43
15	12.00	0.37	0.56	103.56	63.12
16	11.76	0.36	0.49	84.00	62.43
17	12.00	0.35	0.57	106.05	63.07
18	11.76	0.36	0.49	84.00	62.43
19	10.80	0.31	0.50	44.74	63.46
20	10.80	0.36	0.44	113.66	20.18
21	11.76	0.36	0.49	84.00	62.43
22	10.80	0.37	0.49	29.94	63.53
40	11.58	0.37	0.40	77.33	92.00
41	11.60	0.39	0.40	74.00	64.27
42	11.60	0.42	0.40	71.71	112.35
43	11.60	0.31	0.40	86.09	100.32
50	14.31	0.41	0.42	74.29	70.50
51	14.31	0.41	0.42	74.29	70.50
52	14.31	0.41	0.42	74.29	70.50
53	14.31	0.41	0.42	74.29	70.50
54	14.31	0.41	0.42	74.29	70.50
55	14.31	0.41	0.42	74.29	70.50
56	14.31	0.41	0.42	74.29	70.50
57	12.00	0.45	0.40	36.25	60.00
58	12.00	0.45	0.40	36.25	60.00
59	12.00	0.45	0.40	36.25	60.00
60	12.00	0.45	0.40	36.25	60.00
61	12.00	0.45	0.40	36.25	60.00
62	12.00	0.45	0.40	36.25	60.00
63	12.00	0.48	0.40	33.54	60.25
64	12.00	0.45	0.40	36.25	60.00
65	12.00	0.68	0.40	35.00	60.25
66	12.00	0.45	0.40	36.25	60.00
67	12.00	0.42	0.40	41.16	60.25
68	12.00	0.44	0.40	34.75	60.25
69	12.00	0.45	0.40	36.25	60.00
70	14.00	0.49	0.32	57.00	81.50
71	14.00	0.49	0.30	53.71	97.63
72	14.00	0.49	0.32	57.00	81.50
73	14.00	0.48	0.33	60.25	65.12
81	17.00	0.35	0.25	106.05	28.20
90	12.56	0.36	0.44	59.20	80.60
91	12.56	0.36	0.44	59.20	80.60
92	12.56	0.36	0.44	59.20	80.60
93	11.20	0.33	0.51	89.39	79.11
94	13.00	0.37	0.39	51.59	76.69
95	13.00	0.38	0.42	47.60	90.78
96	12.56	0.36	0.44	59.20	80.60
97	13.00	0.37	0.32	47.27	75.28
98	12.50	0.33	0.55	60.24	80.65
100	16.13	0.43	0.40	76.13	68.38
101	16.13	0.43	0.40	76.13	68.38
102	16.13	0.43	0.40	76.13	68.38
103	12.00	0.39	0.38	105.46	68.68
104	16.13	0.43	0.40	76.13	68.38
105	14.00	0.40	0.41	100.32	91.53
106	13.40	0.50	0.40	28.20	60.25
107	15.00	0.46	0.45	32.39	88.75
108	8.90	0.38	0.38	64.47	64.47
109	16.13	0.43	0.40	76.13	68.38
110	16.00	0.47	0.35	77.29	60.25
111	18.00	0.54	0.35	72.12	87.74
112	16.13	0.43	0.40	76.13	68.38
113	13.40	0.37	0.50	94.91	12.18
114	16.13	0.43	0.40	76.13	68.38
115	13.40	0.41	0.45	75.90	24.64
116	25.60	0.37	0.36	103.56	33.55
117	25.60	0.34	0.35	130.00	87.74
118	16.13	0.43	0.40	76.13	68.38
119	12.60	0.36	0.47	55.80	84.12
120	22.00	0.45	0.45	60.26	42.44
121	14.00	0.54	0.45	63.22	88.75
122	25.60	0.38	0.35	89.78	32.77
123	13.40	0.49	0.45	76.61	60.26
124	13.40	0.40	0.40	100.02	60.25
125	16.00	0.41	0.27	64.17	89.92
126	13.40	0.47	0.34	70.48	88.52
127	22.00	0.40	0.40	80.30	60.25
128	13.40	0.51	0.33	60.25	94.24
129	16.00	0.34	0.47	64.97	70.48
130	16.13	0.43	0.40	76.13	68.38
131	16.60	0.47	0.33	80.72	99.12
132	13.40	0.45	0.54	78.06	89.92
133	16.13	0.43	0.40	76.13	68.38
134	16.13	0.43	0.40	76.13	68.38
135	16.13	0.43	0.40	76.13	68.38
136	16.13	0.43	0.40	76.13	68.38
137	16.13	0.43	0.40	76.13	68.38
138	16.13	0.43	0.40	76.13	68.38
139	16.13	0.43	0.40	76.13	68.38
140	16.13	0.43	0.40	76.13	68.38
141	16.13	0.43	0.40	76.13	68.38
142	16.13	0.43	0.40	76.13	68.38
143	16.13	0.43	0.40	76.13	68.38
144	16.13	0.43	0.40	76.13	68.38
200	17.34	0.45	0.44	35.00	89.00
201	17.34	0.45	0.44	35.00	89.00
202	17.30	0.45	0.44	35.33	89.38
211	18.00	0.36	0.43	122.58	15.53
212	18.00	0.34	0.34	178.08	17.82
220	20.00	0.42	0.50	95.00	99.00
221	20.00	0.42	0.50	94.59	98.72
222	20.00	0.42	0.50	95.00	99.00
223	20.00	0.42	0.50	95.00	99.00
230	4.00	0.60	0.59	47.00	98.00
231	4.00	0.60	0.59	46.90	98.28
232	4.00	0.60	0.59	47.00	98.00
240	12.47	0.30	0.40	69.50	73.50
241	14.00	0.29	0.42	98.93	90.78
242	10.60	0.31	0.37	39.58	55.91
250	14.31	0.41	0.42	74.29	70.50
251	14.31	0.41	0.42	74.29	70.50
252	14.31	0.41	0.42	74.29	70.50
260	16.18	0.41	0.46	78.33	97.67
261	17.00	0.38	0.46	110.86	98.58
262	16.18	0.41	0.46	78.33	97.67
263	15.80	0.42	0.50	56.45	101.92
264	15.80	0.42	0.41	67.88	91.53
299	14.31	0.41	0.42	74.29	70.50
300	15.16	0.52	0.53	75.13	80.49
303	15.16	0.52	0.53	75.13	80.49
304	15.16	0.52	0.53	75.13	80.49
310	10.88	0.47	0.53	70.29	90.57
311	10.88	0.47	0.53	70.29	90.57
312	10.00	0.44	0.48	71.18	113.66
313	8.60	0.42	0.50	90.78	92.30
314	15.60	0.52	0.54	69.50	89.92
315	8.60	0.44	0.50	71.18	89.10
316	8.60	0.49	0.60	63.53	78.95
317	8.60	0.44	0.57	67.54	79.92
318	15.60	0.56	0.54	57.39	89.92
319	10.88	0.47	0.53	70.29	90.57
320	10.88	0.47	0.53	70.29	90.57
321	10.88	0.47	0.53	70.29	90.57
322	10.88	0.47	0.53	70.29	90.57
323	10.88	0.47	0.53	70.29	90.57
330	15.00	0.33	0.50	143.00	89.00
331	15.00	0.33	0.50	143.00	89.00
332	15.00	0.33	0.50	142.81	89.10
333	15.00	0.33	0.50	143.00	89.00
334	15.00	0.33	0.50	143.00	89.00
336	15.00	0.33	0.50	143.00	89.00
337	15.00	0.33	0.50	143.00	89.00
341	15.00	0.46	0.45	74.19	78.06
345	15.16	0.52	0.53	75.13	80.49
421	15.00	0.40	0.50	120.35	89.10
422	15.00	0.40	0.50	120.00	89.00
423	15.00	0.40	0.50	120.00	89.00
424	15.00	0.40	0.50	120.00	89.00
431	12.00	0.42	0.42	132.76	90.78
450	15.00	0.38	0.50	73.00	89.00
451	15.00	0.38	0.50	73.00	89.00
452	15.00	0.38	0.50	72.92	89.10
460	15.00	0.49	0.49	64.00	90.00
461	15.00	0.49	0.49	64.00	90.00
350	11.49	0.37	0.56	99.00	75.00
351	12.00	0.37	0.56	99.24	74.57
352	11.49	0.37	0.56	99.00	75.00
353	11.49	0.37	0.56	99.00	75.00
355	11.49	0.37	0.56	99.00	75.00
356	8.60	0.66	0.50	48.12	60.26
357	8.62	0.66	0.50	48.00	60.00
358	8.62	0.66	0.50	48.00	60.00
360	15.00	0.58	0.60	66.00	60.00
361	15.00	0.58	0.60	65.77	60.25
362	15.00	0.58	0.60	66.00	60.00
363	15.00	0.58	0.60	66.00	60.00
367	15.16	0.52	0.53	75.13	80.49
370	10.98	0.51	0.58	73.80	54.80
371	9.80	0.55	0.62	71.90	60.25
372	9.80	0.60	0.62	73.00	52.50
373	9.80	0.49	0.55	86.42	45.69
374	10.98	0.51	0.58	73.80	54.80
375	12.60	0.48	0.56	73.60	51.67
377	10.98	0.51	0.58	73.80	54.80
378	10.98	0.51	0.58	73.80	54.80
379	12.60	0.45	0.55	63.82	63.16
381	15.16	0.52	0.53	75.13	80.49
391	8.60	0.58	0.55	46.44	89.40
400	16.00	0.62	0.62	68.88	56.74
401	16.00	0.61	0.60	83.90	60.25
402	16.00	0.60	0.60	70.93	60.25
403	16.00	0.66	0.60	65.10	60.25
404	16.00	0.60	0.60	65.60	60.25
405	16.00	0.62	0.60	65.41	60.25
406	16.00	0.56	0.60	77.42	60.25
407	16.00	0.64	0.72	60.25	33.54
408	16.00	0.62	0.62	68.88	56.74
409	16.00	0.64	0.60	62.76	60.25
410	16.00	0.62	0.62	68.88	56.74
411	16.00	0.62	0.62	68.88	56.74
412	16.00	0.62	0.62	68.88	56.74
413	16.00	0.62	0.62	68.88	56.74
420	15.00	0.40	0.50	120.00	89.00
462	15.00	0.49	0.49	63.53	89.69
463	15.00	0.49	0.49	64.00	90.00
471	15.16	0.52	0.53	75.13	80.49
475	15.16	0.52	0.53	75.13	80.49
481	15.16	0.52	0.53	75.13	80.49
490	15.00	0.61	0.58	39.50	91.00
491	15.00	0.64	0.58	32.71	90.65
492	15.00	0.58	0.58	46.44	90.65
500	15.16	0.52	0.53	75.13	80.49
501	15.16	0.52	0.53	75.13	80.49
502	15.16	0.52	0.53	75.13	80.49
503	15.16	0.52	0.53	75.13	80.49
504	15.16	0.52	0.53	75.13	80.49
505	15.16	0.52	0.53	75.13	80.49
506	15.16	0.52	0.53	75.13	80.49
507	15.16	0.52	0.53	75.13	80.49
508	15.16	0.52	0.53	75.13	80.49
509	15.16	0.52	0.53	75.13	80.49
510	15.16	0.52	0.53	75.13	80.49
511	15.16	0.52	0.53	75.13	80.49
512	15.16	0.52	0.53	75.13	80.49
513	15.16	0.52	0.53	75.13	80.49
514	15.16	0.52	0.53	75.13	80.49
520	15.00	0.64	0.50	58.00	89.00
521	15.00	0.64	0.50	57.75	89.10
522	15.00	0.64	0.50	58.00	89.00
523	15.16	0.52	0.53	75.13	80.49
531	6.00	0.56	0.67	54.53	88.95
540	16.00	0.51	0.46	61.00	86.00
541	16.00	0.55	0.50	45.69	89.10
542	16.00	0.50	0.50	60.26	89.10
543	16.00	0.45	0.43	85.17	90.06
544	16.00	0.53	0.48	57.22	70.27
545	16.00	0.48	0.45	66.93	88.75
546	16.00	0.53	0.39	51.18	89.02
547	16.00	0.51	0.46	61.00	86.00
548	16.00	0.51	0.46	61.00	86.00
549	16.00	0.51	0.46	61.00	86.00
550	15.00	0.60	0.50	60.00	89.00
551	15.00	0.60	0.50	60.00	89.00
552	15.00	0.60	0.50	60.25	89.10
555	15.16	0.52	0.53	75.13	80.49
561	15.16	0.52	0.53	75.13	80.49
571	15.00	0.53	0.50	51.18	60.26
580	15.00	0.42	0.50	67.88	89.10
581	15.00	0.42	0.50	68.00	89.00
582	15.00	0.42	0.50	68.00	89.00
583	15.00	0.42	0.50	68.00	89.00
